31
test 7.448 0 7.448 1
test 7.524 1 7.424 0
test 6.851 0 7.29 0
test 6.704 0 7.954 0
test 13.094 5 11.959 1
test 8.076 3 8.552 0
test 8.342 0 10.571 3
test 9.092 2 8.219 0
test 25.536 0 8.021 1
test 8.93 0 10.477 2
test 126.511 264 11.604 1
test 8.98 1 8.965 0
test 12.011 3 8.988 1
test 9.179 1 9.763 2
test 7.379 0 8.954 0
test 6.964 0 9.09 0
test 6.884 0 6.154 0
test 6.692 0 6.534 0
test 12.284 0 14.322 1
test 7.224 0 9.914 1
test 7.896 0 9.1 0
test 7.749 1 7.369 0
test 7.447 0 8.528 0
test 8.376 2 7.053 0
test 6.435 0 6.667 0
test 7.536 0 7.019 2
test 7.728 1 7.514 1
test 7.266 1 10.067 0
test 7.524 0 8.897 0
test 8.092 0 10.441 1
test 8.891 2 9.429 0
